#BVGraph properties
#Fri Nov 19 02:18:21 CET 2010
compratio=0.097
bitsforblocks=5048644
residualarcs=1751032
version=0
zetak=3
residualexpstats=388897,345475,157392,114367,102512,93807,73861,62612,53931,45414,39125,31872,22723,13683,7898,6190,5338,7781,10296,12066,7626,1511
avgref=409.72
residualavggap=20811.164
avgbitsforoutdegrees=5.352
windowsize=16
bitsforintervals=2170548
copiedarcs=14047318
avgbitsforblocks=3.651
bitsperlink=1.767
bitsforresiduals=12359100
bitsforreferences=2911703
avgdist=1.31
successoravgloggap=2.2470598123127234
avgbitsforreferences=2.105
successoravggap=5543.574
maxrefcount=2147483647
successorexpstats=12847233,965487,437444,346701,294004,250660,245254,213331,215683,199275,201706,177417,168184,82098,33077,16202,28892,41371,31665,34672,18351,2866
nodes=1382908
compressionflags=
intervalisedarcs=1118703
bitspernode=21.615
arcs=16917053
bitsforoutdegrees=7401046
avgbitsforintervals=1.57
minintervallength=4
graphclass=it.unimi.dsi.webgraph.BVGraph
avgbitsforresiduals=8.937
residualavgloggap=4.377691123059236
