#BVGraph properties
#Fri Nov 19 02:18:58 CET 2010
compratio=0.090
bitsforblocks=3621037
residualarcs=1813115
version=0
zetak=3
residualexpstats=420947,346668,169782,119955,105790,100210,79691,66445,56834,46640,39561,36550,23950,14482,6446,4165,4379,6179,8336,10654,7739,1729
avgref=48.885
residualavggap=18998.591
avgbitsforoutdegrees=4.549
windowsize=16
bitsforintervals=2193627
copiedarcs=13244781
avgbitsforblocks=2.618
bitsperlink=1.646
bitsforresiduals=12699996
bitsforreferences=3046176
avgdist=1.203
successoravgloggap=1.7883075207974528
avgbitsforreferences=2.203
successoravggap=3225.127
maxrefcount=2147483647
successorexpstats=13573722,920263,458947,346510,296032,258517,213838,174186,136208,115119,97013,84367,54172,28800,9160,6122,7418,10074,14396,17872,12785,3152
nodes=1382908
compressionflags=
intervalisedarcs=1859157
bitspernode=20.14
arcs=16917053
bitsforoutdegrees=6290280
avgbitsforintervals=1.586
minintervallength=4
graphclass=it.unimi.dsi.webgraph.BVGraph
avgbitsforresiduals=9.184
residualavgloggap=4.291804904552895
