#BVGraph properties
#Fri Nov 19 02:17:29 CET 2010
compratio=0.099
bitsforblocks=3455093
residualarcs=2038311
version=0
zetak=3
residualexpstats=466540,379788,195131,144245,126955,116206,93954,78560,65686,54958,46895,42579,28128,16702,6883,4406,4675,6673,9175,11932,8540,1935
avgref=1.421
residualavggap=18504.026
avgbitsforoutdegrees=4.549
windowsize=7
bitsforintervals=2757653
copiedarcs=12146350
avgbitsforblocks=2.498
bitsperlink=1.813
bitsforresiduals=14515254
bitsforreferences=3645937
avgdist=1.636
successoravgloggap=1.7883075207974528
avgbitsforreferences=2.636
successoravggap=3225.127
maxrefcount=3
successorexpstats=13573722,920263,458947,346510,296032,258517,213838,174186,136208,115119,97013,84367,54172,28800,9160,6122,7418,10074,14396,17872,12785,3152
nodes=1382908
compressionflags=
intervalisedarcs=2732392
bitspernode=22.174
arcs=16917053
bitsforoutdegrees=6290280
avgbitsforintervals=1.994
minintervallength=4
graphclass=it.unimi.dsi.webgraph.BVGraph
avgbitsforresiduals=10.496
residualavgloggap=4.34682023519739
