#BVGraph properties
#Thu Nov 04 16:10:02 CET 2010
bitsforblocks=6210202
residualarcs=3359725
version=0
zetak=3
residualexpstats=465006,631260,345230,267385,250125,219444,201813,158095,132212,119253,130076,92581,69464,50800,11546,7973,8274,11294,15271,22309,11942,834
avgref=1.518
residualavggap=15646.391
avgbitsforoutdegrees=5.352
windowsize=7
bitsforintervals=3099674
copiedarcs=11748555
bitsperlink=2.814
avgbitsforblocks=4.491
bitsforresiduals=27152392
bitsforreferences=3749226
avgdist=1.915
successoravgloggap=3.597332508402926
avgbitsforreferences=2.711
successoravggap=13725.423
maxrefcount=3
successorexpstats=8058389,1957854,1112954,878628,771989,660324,586198,577584,472574,382263,300790,270836,206625,194120,55898,51176,41054,55727,82289,116649,50170,1337
nodes=1382908
compressionflags=
intervalisedarcs=1808773
bitspernode=34.429
arcs=16917053
bitsforoutdegrees=7401046
avgbitsforintervals=2.241
minintervallength=4
graphclass=it.unimi.dsi.webgraph.BVGraph
avgbitsforresiduals=19.634
residualavgloggap=5.068324763198328
